#####
python evaluate_new_256.py -d 2016 -b 2 --beam-width 5 -c checkpoints/res256_tr_mostdata_3_0113.pth
-----------------predicted length----------------------
[[0, 0, 0, 7, 10, 173, 123, 123, 141, 132, 74, 119, 90, 96, 86, 97, 65, 86, 56, 74, 61, 56, 46, 56, 40, 53, 42, 38, 43, 26, 22, 20, 18, 28, 17, 16, 6, 11, 7, 10, 10, 12, 18, 4, 9, 10, 0, 7, 3, 1, 10, 2, 6, 3, 0, 2, 4, 4, 3, 0, 2, 2, 0, 2, 0, 2, 0, 0, 0, 2, 0, 0, 4, 0, 2, 0, 0, 0, 0, 0, 2, 0, 0, 0, 0, 0, 0, 0, 0, 0, 0, 0, 0, 0, 0, 0, 0, 0, 0, 0], [0, 7, 9, 174, 115, 128, 138, 136, 73, 109, 100, 92, 89, 90, 71, 84, 56, 71, 68, 51, 47, 53, 43, 53, 41, 39, 40, 30, 24, 20, 20, 28, 17, 15, 11, 11, 8, 12, 13, 12, 14, 7, 9, 6, 1, 5, 3, 0, 6, 7, 3, 5, 1, 3, 3, 2, 3, 0, 1, 3, 0, 2, 0, 1, 1, 0, 0, 1, 2, 0, 3, 1, 1, 0, 0, 0, 0, 0, 1, 1, 0, 0, 0, 0, 0, 0, 0, 0, 0, 0, 0, 0, 0, 0, 0, 0, 0, 0, 0, 0], [0, 7, 21, 239, 145, 116, 170, 148, 86, 133, 110, 84, 113, 102, 82, 81, 61, 55, 77, 47, 37, 40, 30, 42, 31, 24, 22, 19, 14, 15, 15, 13, 9, 14, 9, 8, 6, 7, 7, 9, 5, 5, 6, 1, 1, 1, 2, 0, 2, 6, 0, 3, 1, 2, 1, 0, 1, 0, 0, 2, 0, 1, 0, 0, 1, 0, 0, 0, 2, 0, 1, 1, 0, 0, 0, 0, 0, 0, 0, 1, 0, 0, 0, 0, 0, 0, 0, 0, 0, 0, 0, 0, 0, 0, 0, 0, 0, 0, 0, 0]]
-----------------distance length----------------------
[[148, 90, 98, 71, 119, 88, 83, 60, 46, 44, 34, 36, 30, 24, 14, 14, 17, 11, 19, 12, 10, 13, 7, 7, 6, 1, 5, 4, 3, 3, 2, 1, 2, 4, 3, 2, 2, 2, 1, 0, 3, 0, 0, 1, 0, 0, 2, 1, 1, 0, 1, 0, 0, 0, 0, 0, 1, 0, 0, 0, 0, 0, 0, 0, 1, 0, 0, 0, 0, 0, 0, 0, 0, 0, 0, 0, 0, 0, 0, 0, 0, 0, 0, 0, 0, 0, 0, 0, 0, 0, 0, 0, 0, 0, 0, 0, 0, 0, 0, 0], [148, 155, 120, 123, 116, 76, 59, 49, 40, 32, 35, 27, 14, 18, 16, 14, 12, 11, 10, 6, 9, 5, 9, 4, 5, 2, 3, 3, 0, 1, 3, 1, 4, 2, 0, 2, 2, 2, 0, 1, 1, 0, 1, 0, 0, 0, 2, 1, 0, 0, 1, 0, 0, 0, 0, 0, 1, 0, 0, 0, 0, 1, 0, 0, 0, 0, 0, 0, 0, 0, 0, 0, 0, 0, 0, 0, 0, 0, 0, 0, 0, 0, 0, 0, 0, 0, 0, 0, 0, 0, 0, 0, 0, 0, 0, 0, 0, 0, 0, 0], [206, 240, 182, 128, 84, 66, 44, 47, 30, 20, 13, 15, 14, 5, 4, 10, 2, 7, 3, 3, 3, 1, 4, 3, 2, 0, 0, 0, 1, 2, 1, 1, 2, 0, 0, 1, 0, 1, 1, 0, 0, 1, 0, 0, 0, 0, 0, 0, 0, 0, 0, 0, 0, 0, 0, 0, 0, 0, 0, 0, 0, 0, 0, 0, 0, 0, 0, 0, 0, 0, 0, 0, 0, 0, 0, 0, 0, 0, 0, 0, 0, 0, 0, 0, 0, 0, 0, 0, 0, 0, 0, 0, 0, 0, 0, 0, 0, 0, 0, 0]]
-----------------actual length----------------------
[[0, 0, 0, 0, 1, 89, 60, 58, 83, 55, 30, 63, 37, 49, 42, 48, 31, 42, 24, 42, 29, 28, 27, 28, 24, 24, 20, 23, 23, 16, 11, 10, 9, 18, 10, 8, 4, 6, 4, 5, 7, 5, 9, 2, 5, 6, 0, 4, 1, 0, 5, 1, 3, 2, 0, 1, 2, 2, 2, 0, 1, 1, 0, 1, 0, 1, 0, 0, 0, 1, 0, 0, 2, 0, 1, 0, 0, 0, 0, 0, 1, 0, 0, 0, 0, 0, 0, 0, 0, 0, 0, 0, 0, 0, 0, 0, 0, 0, 0, 0], [0, 0, 1, 89, 60, 58, 83, 55, 30, 63, 37, 49, 42, 48, 31, 42, 24, 42, 29, 28, 27, 28, 24, 24, 20, 23, 23, 16, 11, 10, 9, 18, 10, 8, 4, 6, 4, 5, 7, 5, 9, 2, 5, 6, 0, 4, 1, 0, 5, 1, 3, 2, 0, 1, 2, 2, 2, 0, 1, 1, 0, 1, 0, 1, 0, 0, 0, 1, 0, 0, 2, 0, 1, 0, 0, 0, 0, 0, 1, 0, 0, 0, 0, 0, 0, 0, 0, 0, 0, 0, 0, 0, 0, 0, 0, 0, 0, 0, 0, 0], [0, 0, 13, 154, 90, 46, 115, 67, 43, 87, 47, 41, 66, 60, 42, 39, 29, 26, 38, 24, 17, 15, 11, 13, 10, 8, 5, 5, 1, 5, 4, 3, 2, 7, 2, 3, 2, 0, 1, 2, 0, 0, 2, 1, 0, 0, 0, 0, 1, 0, 0, 0, 0, 0, 0, 0, 0, 0, 0, 0, 0, 0, 0, 0, 0, 0, 0, 0, 0, 0, 0, 0, 0, 0, 0, 0, 0, 0, 0, 0, 0, 0, 0, 0, 0, 0, 0, 0, 0, 0, 0, 0, 0, 0, 0, 0, 0, 0, 0, 0]]

# Dataset 2016

Beam width: 5

## Highest Probability

|                     Model | Token error rate | Token error rate (no special tokens) | Symbol error rate |
|---------------------------|------------------|--------------------------------------|-------------------|
| res256_tr_mostdata_3_0113 |           31.00% |                               39.02% |            35.35% |

|                     Model | Correct expressions | Correct expressions (no special tokens) | Correct expressions (Symbols) |
|---------------------------|---------------------|-----------------------------------------|-------------------------------|
| res256_tr_mostdata_3_0113 |              12.90% |                                  12.90% |                        17.96% |

## Best

|                     Model | Token error rate | Token error rate (no special tokens) | Symbol error rate |
|---------------------------|------------------|--------------------------------------|-------------------|
| res256_tr_mostdata_3_0113 |           27.93% |                               35.97% |            32.27% |

|                     Model | Correct expressions | Correct expressions (no special tokens) | Correct expressions (Symbols) |
|---------------------------|---------------------|-----------------------------------------|-------------------------------|
| res256_tr_mostdata_3_0113 |              20.92% |                                  21.10% |                        27.64% |

## Mean

|                     Model | Token error rate | Token error rate (no special tokens) | Symbol error rate |
|---------------------------|------------------|--------------------------------------|-------------------|
| res256_tr_mostdata_3_0113 |           32.34% |                               40.99% |            37.16% |

|                     Model | Correct expressions | Correct expressions (no special tokens) | Correct expressions (Symbols) |
|---------------------------|---------------------|-----------------------------------------|-------------------------------|
| res256_tr_mostdata_3_0113 |               4.48% |                                   5.53% |                        11.09% |

