-----------------predicted length----------------------
[[0, 0, 0, 9, 25, 64, 66, 62, 44, 45, 45, 50, 41, 63, 45, 51, 50, 40, 35, 35, 25, 37, 18, 30, 23, 24, 26, 19, 26, 13, 11, 8, 5, 10, 9, 8, 5, 6, 3, 8, 3, 2, 10, 3, 4, 5, 0, 5, 2, 0, 4, 3, 3, 3, 0, 0, 2, 2, 2, 0, 1, 1, 0, 1, 0, 1, 0, 0, 0, 1, 1, 0, 2, 0, 1, 0, 0, 0, 0, 0, 1, 0, 0, 0, 0, 0, 0, 0, 0, 0, 0, 0, 0, 0, 0, 0, 0, 0, 0, 0], [0, 9, 25, 64, 66, 60, 46, 43, 43, 48, 45, 56, 44, 44, 57, 43, 35, 31, 25, 37, 25, 19, 27, 23, 34, 19, 21, 18, 11, 10, 12, 8, 11, 4, 10, 7, 7, 6, 7, 0, 1, 11, 4, 1, 5, 5, 2, 2, 2, 1, 1, 2, 1, 0, 1, 0, 4, 2, 0, 0, 0, 0, 0, 0, 0, 0, 0, 0, 1, 0, 0, 0, 0, 0, 0, 0, 0, 0, 0, 1, 0, 0, 0, 0, 0, 0, 0, 0, 0, 0, 0, 0, 0, 0, 0, 0, 0, 0, 0, 0], [0, 9, 25, 64, 66, 60, 46, 43, 43, 48, 45, 56, 44, 44, 57, 43, 35, 31, 25, 37, 25, 19, 27, 23, 34, 19, 21, 18, 11, 10, 12, 8, 11, 4, 10, 7, 7, 6, 7, 0, 1, 11, 4, 1, 5, 5, 2, 2, 2, 1, 1, 2, 1, 0, 1, 0, 4, 2, 0, 0, 0, 0, 0, 0, 0, 0, 0, 0, 1, 0, 0, 0, 0, 0, 0, 0, 0, 0, 0, 1, 0, 0, 0, 0, 0, 0, 0, 0, 0, 0, 0, 0, 0, 0, 0, 0, 0, 0, 0, 0]]
-----------------distance length----------------------
[[13, 29, 48, 70, 61, 73, 67, 57, 72, 63, 50, 46, 52, 42, 45, 32, 31, 31, 34, 22, 23, 17, 18, 14, 16, 13, 10, 10, 16, 8, 6, 6, 4, 2, 5, 4, 4, 2, 4, 2, 1, 6, 1, 0, 3, 2, 0, 1, 0, 2, 2, 0, 0, 0, 0, 1, 0, 0, 0, 0, 2, 0, 0, 0, 1, 0, 0, 0, 1, 1, 0, 0, 1, 0, 0, 0, 0, 0, 0, 0, 0, 0, 0, 0, 0, 0, 0, 0, 0, 0, 0, 0, 0, 0, 0, 0, 0, 0, 0, 0], [13, 43, 82, 84, 84, 89, 77, 59, 64, 50, 42, 54, 58, 41, 39, 23, 23, 21, 26, 18, 16, 17, 14, 12, 14, 12, 9, 3, 10, 5, 2, 5, 4, 4, 1, 5, 3, 4, 2, 3, 2, 0, 0, 1, 4, 0, 0, 0, 0, 1, 0, 0, 0, 1, 0, 0, 0, 0, 0, 1, 0, 0, 0, 0, 1, 0, 0, 0, 0, 0, 0, 1, 0, 0, 0, 0, 0, 0, 0, 0, 0, 0, 0, 0, 0, 0, 0, 0, 0, 0, 0, 0, 0, 0, 0, 0, 0, 0, 0, 0], [18, 83, 129, 139, 103, 102, 93, 79, 79, 37, 57, 41, 29, 27, 27, 17, 17, 9, 8, 9, 8, 7, 0, 5, 3, 1, 4, 3, 2, 4, 1, 1, 1, 0, 1, 0, 1, 0, 0, 1, 0, 0, 0, 0, 0, 1, 0, 0, 0, 0, 0, 0, 0, 0, 0, 0, 0, 0, 0, 0, 0, 0, 0, 0, 0, 0, 0, 0, 0, 0, 0, 0, 0, 0, 0, 0, 0, 0, 0, 0, 0, 0, 0, 0, 0, 0, 0, 0, 0, 0, 0, 0, 0, 0, 0, 0, 0, 0, 0, 0]]

# Dataset 2016

Beam width: 5

## Highest Probability

|             Model | Token error rate | Token error rate (no special tokens) | Symbol error rate |
|-------------------|------------------|--------------------------------------|-------------------|
| res1000_41_-20051 |           40.93% |                               67.89% |            65.38% |

|             Model | Correct expressions | Correct expressions (no special tokens) | Correct expressions (Symbols) |
|-------------------|---------------------|-----------------------------------------|-------------------------------|
| res1000_41_-20051 |               1.13% |                                   1.13% |                         1.57% |

## Best

|             Model | Token error rate | Token error rate (no special tokens) | Symbol error rate |
|-------------------|------------------|--------------------------------------|-------------------|
| res1000_41_-20051 |           39.59% |                               66.04% |            62.69% |

|             Model | Correct expressions | Correct expressions (no special tokens) | Correct expressions (Symbols) |
|-------------------|---------------------|-----------------------------------------|-------------------------------|
| res1000_41_-20051 |               2.53% |                                   2.53% |                         3.75% |

## Mean

|             Model | Token error rate | Token error rate (no special tokens) | Symbol error rate |
|-------------------|------------------|--------------------------------------|-------------------|
| res1000_41_-20051 |           41.63% |                               69.17% |            66.20% |

|             Model | Correct expressions | Correct expressions (no special tokens) | Correct expressions (Symbols) |
|-------------------|---------------------|-----------------------------------------|-------------------------------|
| res1000_41_-20051 |               0.51% |                                   0.56% |                         1.10% |
zhengkunli@melchior:~/math-formula-recognition$ ^C

